100065
100066
100067
100068
100069
100070
100071
100072
1002
1010
1011
1025
1065
1117
11513
11547
11548
11549
1181
1185
12004
12005
12006
12007
12008
12009
12010
12011
12012
12013
12014
12015
1208
12114
12115
12116
12117
12118
12119
12120
12121
1228
1230
1231
1234
12383
12392
12393
12394
12424
12427
12429
12430
12431
12432
12433
12434
12436
12437
1264
1266
12717
12718
12719
12720
12721
12722
12723
12724
12725
12726
12727
12728
12729
12730
12731
12732
12733
1284
1285
13260
13261
13262
13263
13264
13265
13266
13267
13268
13277
13280
13281
13282
13283
13412
13413
13493
1352
1363
1377
1408
1415
1418
1421
1422
1433
1476
1490
15046
15047
15048
1505
15128
15146
15147
15163
15164
1522
15376
15377
1549
1564
1565
1572
16001
16003
1602
16088
16089
1624
1626
1636
1646
1647
1659
1705
1746
1750
1751
1752
1758
1759
1760
1761
1763
1768
1769
18000
18001
18002
18003
18004
1802
18178
18179
18180
1822
18518
18519
18570
1862
18670
18894
18959
1902
1919
1920
1926
1951
1979
2000
2004
20764
20773
20919
20933
20934
21047
2109
2115
2123
2124
2139
2153
2161
2176
22006
22007
22008
22009
22010
22011
22196
22197
22540
2265
2266
2291
2357
2364
2366
2374
2375
2408
2422
2424
2433
2483
2484
2485
2509
2524
2525
2528
2532
2536
2537
2554
2586
2587
26151
2655
2701
2702
2703
27152
2729
2800
2801
2802
2803
28038
2804
2805
2806
2807
2808
2809
2810
28136
2892
2894
28953
2898
2899
2907
2910
2911
31024
31025
32019
32207
32208
32209
32210
4002
4004
4006
4017
4019
4022
4024
4026
4027
4029
4031
4035
4041
4042
4043
4044
4045
4050
4051
4052
4054
4055
4057
4058
4061
4064
4072
4076
4079
4086
4088
4089
4091
4092
4097
4098
4099
4100
4101
4106
4107
4112
4114
4115
4119
4122
4127
4133
4141
4145
4146
4198
4252
4302
4303
4334
4338
4346
4349
4359
4366
4369
4379
4381
4387
4392
4393
4402
4403
4409
4411
4412
4414
4421
4424
4426
4427
4428
4439
4450
4464
4474
4513
4517
4522
4524
4531
4636
5004
5005
501
502
503
504
505
506
5170
5203
521
522
523
525
5361
5362
5387
5389
5445
545
546
547
5594
612
6120
6121
6122
6123
6124
6128
6144
6145
6146
6147
615
6210
6211
6212
6213
6214
6215
6216
6217
6360
6361
6362
6363
645
656
657
678
7049
7054
7135
7136
7137
7138
714
715
716
717
757
7940
970
984
985
990
991
992
993
994
995
996
997
999
